1.32 2.16 1
1.91 1.30 0
2.48 2.91 1
2.34 1.63 0
2.33 1.32 0
1.72 2.04 1
1.80 1.67 0
2.32 2.13 0
2.17 2.63 1
1.62 2.32 1
1.20 2.05 1
2.25 1.70 0
2.89 2.02 0
2.31 1.92 0
2.49 1.93 0
2.24 2.14 0
2.87 2.25 0
1.03 1.57 1
1.74 2.32 1
2.43 2.13 0
1.85 2.57 1
1.52 1.27 0
2.68 1.27 0
1.18 2.40 1
2.45 1.66 0
1.04 2.15 1
2.10 2.63 1
2.68 1.11 0
1.74 1.53 0
2.25 1.95 0
2.33 1.10 0
2.54 2.12 0
1.26 1.41 1
2.95 1.01 0
2.51 2.91 1
1.73 1.64 0
2.39 2.17 0
2.45 2.96 1
2.57 1.00 0
2.40 1.78 0
1.67 1.20 0
2.39 1.91 0
2.21 1.72 0
2.19 1.62 0
1.48 2.39 1
2.99 1.99 0
1.27 1.65 1
2.03 2.81 1
2.72 2.76 1
1.10 1.31 1
1.17 1.93 1
2.34 1.44 0
1.89 2.12 1
1.63 2.64 1
2.76 1.68 0
1.62 2.88 1
1.58 1.17 0
1.51 2.07 1
2.02 2.58 1
1.08 2.56 1
1.93 2.57 1
1.40 2.97 1
2.53 1.35 0
2.80 2.61 0
2.27 1.31 0
2.58 1.82 0
1.70 2.31 1
1.15 1.58 1
2.01 1.67 0
1.21 2.03 1
1.93 1.04 0
2.94 2.87 0
2.50 2.04 0
2.48 2.70 1
1.42 1.41 0
2.10 1.07 0
3.00 1.25 0
1.69 2.11 1
1.77 2.85 1
1.62 1.90 1
2.33 1.00 0
1.43 1.37 0
2.63 2.86 1
2.38 2.07 0
1.08 2.15 1
1.37 2.88 1
1.25 2.93 1
2.25 2.87 1
2.85 1.96 0
2.40 1.34 0
2.42 2.78 1
2.19 1.86 0
2.39 1.37 0
1.91 2.14 1
1.80 1.94 1
2.23 2.11 0
2.97 1.11 0
2.83 2.82 0
2.50 1.96 0
1.61 2.61 1
2.68 1.71 0
1.14 2.70 1
2.70 1.79 0
1.66 2.21 1
2.80 2.93 1
2.27 2.59 1
2.77 1.32 0
2.06 1.09 0
1.05 1.60 1
1.94 1.47 0
1.83 1.66 0
1.70 1.37 0
1.74 2.20 1
3.00 2.33 0
2.71 2.99 1
2.25 2.26 1
2.51 2.23 0
2.56 2.74 1
2.81 1.50 0
1.42 1.31 0
2.03 2.78 1
1.46 1.30 0
2.03 1.57 0
2.84 2.93 1
1.41 1.27 0
2.40 1.51 0
1.63 3.00 1
2.44 1.24 0
1.93 1.70 0
2.27 2.47 1
1.17 2.00 1
1.27 2.04 1
1.10 1.11 1
1.73 2.17 1
1.14 2.94 1
2.49 1.55 0
1.20 1.21 1
2.71 1.21 0
2.81 2.32 0
1.16 1.13 0
1.67 1.80 1
2.36 2.10 0
2.36 1.64 0
1.28 1.61 1
1.30 2.14 1
2.88 2.61 0
2.69 2.40 0
1.03 2.41 1
1.73 2.41 1
1.81 1.39 0
2.47 2.26 0
1.01 1.22 1
2.14 2.41 1
1.57 1.98 1
2.07 1.27 0
2.00 1.67 0
2.63 2.75 1
2.28 2.53 1
1.36 1.28 0
1.33 2.16 1
1.21 1.07 0
1.51 2.68 1
2.10 1.83 0
1.06 1.24 1
2.04 1.10 0
1.80 1.67 0
2.11 1.77 0
1.76 2.73 1
1.27 1.19 0
2.23 2.32 1
1.08 1.83 1
2.49 1.26 0
2.20 2.16 0
2.37 1.71 0
2.23 2.39 1
1.16 1.30 1
1.79 1.68 0
2.80 1.05 0
2.17 2.46 1
2.82 2.07 0
2.12 2.61 1
1.25 2.26 1
2.51 2.67 1
1.67 2.35 1
2.39 2.28 0
1.14 2.39 1
1.60 2.01 1
2.50 1.34 0
2.66 1.96 0
2.83 2.92 1
2.84 2.52 0
2.28 3.00 1
1.62 1.61 0
1.95 2.35 1
1.70 2.73 1
1.06 2.30 1
1.09 1.02 0
1.50 2.09 1
2.72 2.27 0
2.23 1.01 0
1.52 2.53 1
2.68 2.16 0
1.01 2.29 1
2.23 2.97 1
2.17 2.62 1
2.65 2.19 0
1.83 2.67 1
1.58 2.10 1
2.36 1.03 0
2.21 2.86 1
2.22 2.13 0
1.18 2.24 1
1.09 2.70 1
1.63 1.94 1
2.76 1.52 0
2.20 1.42 0
2.05 1.66 0
2.93 2.88 0
1.80 2.40 1
2.45 2.03 0
2.87 1.54 0
2.75 1.15 0
1.06 2.26 1
1.67 1.09 0
2.74 1.17 0
2.04 1.10 0
1.19 2.14 1
1.57 2.04 1
2.22 2.78 1
2.66 1.38 0
1.22 1.09 0
2.24 2.51 1
2.29 1.64 0
2.00 2.80 1
2.68 1.22 0
1.73 1.98 1
2.87 2.40 0
1.92 2.07 1
1.73 2.62 1
2.00 1.41 0
2.57 2.64 1
1.62 1.65 1
1.54 1.94 1
1.15 2.39 1
2.01 2.32 1
2.72 2.94 1
2.38 2.82 1
1.61 1.50 0
1.12 2.15 1
2.02 2.87 1
2.32 2.29 0
2.76 1.66 0
2.91 2.22 0
1.96 2.05 1
2.11 2.73 1
2.48 2.31 0
1.63 2.68 1
1.37 2.66 1
2.48 1.20 0
1.42 1.07 0
2.26 1.96 0
1.47 1.43 0
2.30 1.30 0
1.55 2.86 1
1.20 2.74 1
2.81 1.29 0
1.03 1.35 1
2.19 2.96 1
1.73 2.67 1
2.44 1.44 0
1.45 1.62 1
2.32 2.55 1
2.24 2.28 1
1.41 1.60 1
1.67 1.73 1
1.52 2.72 1
1.73 2.33 1
2.94 2.65 0
1.72 1.74 1
2.06 1.31 0
3.00 2.49 0
2.31 1.67 0
1.95 1.41 0
2.20 2.84 1
1.50 2.02 1
2.30 1.16 0
2.95 2.49 0
1.44 2.81 1
1.77 1.08 0
2.31 2.05 0
1.95 1.26 0
1.01 1.67 1
1.39 1.49 1
1.74 2.82 1
2.18 2.81 1
2.89 1.94 0
1.67 1.59 0
1.74 1.45 0
1.85 1.92 1
2.66 1.71 0
2.19 2.51 1
2.71 1.68 0
1.89 1.61 0
2.49 1.02 0
2.67 2.90 1
1.81 1.65 0
2.02 1.32 0
2.96 2.08 0
1.78 2.31 1
1.84 1.60 0
1.83 1.39 0
2.55 3.00 1
2.91 2.79 0
2.59 2.93 1
2.62 2.92 1
1.61 1.09 0
2.63 2.14 0
1.61 1.85 1
2.09 1.00 0
2.62 2.20 0
2.46 2.04 0
2.07 1.96 0
1.25 2.47 1
2.54 2.14 0
1.33 2.26 1
1.36 2.85 1
1.57 1.91 1
1.48 2.44 1
1.29 1.13 0
1.70 2.37 1
2.88 1.50 0
2.56 1.00 0
2.06 1.94 0
2.23 2.57 1
2.50 1.53 0
2.99 2.81 0
1.50 1.80 1
2.85 2.70 0
1.86 2.60 1
2.58 2.04 0
2.25 1.06 0
2.06 1.16 0
2.37 1.14 0
1.23 2.45 1
2.15 2.62 1
2.82 2.86 1
2.41 1.77 0
1.65 2.31 1
2.97 2.69 0
1.20 2.96 1
1.67 2.57 1
1.38 2.14 1
2.06 2.16 1
2.82 1.05 0
2.48 2.15 0
2.31 1.37 0
2.08 2.73 1
1.81 2.98 1
2.64 1.44 0
1.74 2.40 1
1.70 2.41 1
1.16 2.56 1
2.90 2.55 0
2.96 2.42 0
1.28 1.97 1
2.65 2.02 0
2.76 2.74 0
1.00 2.13 1
1.36 2.67 1
2.33 2.34 1
1.71 1.09 0
2.06 1.15 0
1.34 1.54 1
1.49 1.54 1
1.51 1.42 0
1.17 1.88 1
1.55 1.30 0
2.98 2.58 0
2.83 2.84 1
1.16 1.29 1
1.42 1.30 0
2.78 1.49 0
2.54 2.44 0
2.69 2.18 0
1.77 2.86 1
1.35 2.70 1
1.33 1.34 1
1.51 2.11 1
2.83 1.73 0
2.25 2.07 0
1.23 1.93 1
1.60 2.93 1
2.50 2.65 1
1.18 1.71 1
2.25 2.54 1
2.51 2.69 1
1.15 1.31 1
2.37 2.92 1
1.50 1.78 1
1.84 1.91 1
1.32 2.65 1
2.93 1.16 0
1.77 1.40 0
2.96 1.84 0
2.69 2.57 0
2.96 1.28 0
2.66 1.66 0
1.53 1.99 1
2.89 1.40 0
1.69 2.98 1
2.06 2.61 1
1.06 1.09 1
2.48 2.07 0
2.02 1.80 0
1.03 1.86 1
2.77 1.53 0
1.81 2.93 1
2.62 2.95 1
2.45 2.41 0
1.97 2.11 1
1.44 1.28 0
2.34 1.52 0
1.27 1.58 1
2.94 1.89 0
2.64 1.18 0
1.27 1.92 1
1.81 1.68 0
2.57 1.84 0
1.96 1.13 0
1.70 2.01 1
2.38 2.39 1
2.73 1.99 0
2.72 2.41 0
1.29 2.39 1
2.36 2.55 1
1.44 1.53 1
1.33 2.26 1
2.82 2.64 0
1.29 2.33 1
1.74 2.30 1
2.80 1.41 0
1.07 1.67 1
2.25 2.70 1
2.53 1.75 0
2.17 1.34 0
1.34 1.72 1
1.33 1.54 1
2.31 1.28 0
2.35 2.07 0
1.82 2.01 1
1.36 1.66 1
2.49 2.63 1
1.77 2.41 1
2.43 1.76 0
1.88 1.61 0
1.63 1.05 0
1.48 1.24 0
1.86 2.71 1
2.89 1.75 0
1.07 2.63 1
2.69 1.92 0
1.68 2.63 1
1.86 1.64 0
1.26 1.48 1
2.11 2.04 0
2.69 1.69 0
1.57 2.57 1
1.18 1.24 1
2.60 1.89 0
1.75 2.07 1
2.66 1.37 0
2.45 1.33 0
2.42 2.50 1
1.03 2.62 1
2.64 2.85 1
1.67 2.35 1
1.08 1.39 1
1.71 2.96 1
2.14 2.55 1
1.53 2.01 1
1.38 2.41 1
1.74 2.78 1
2.46 2.72 1
1.40 1.59 1
2.08 1.87 0
1.17 1.19 1
2.39 1.25 0
1.53 1.06 0
1.72 1.99 1
1.16 2.79 1
2.66 1.19 0
2.62 1.47 0
2.78 1.75 0
1.18 1.41 1
1.29 1.28 0
2.48 1.70 0
1.78 1.19 0
1.44 1.13 0
1.71 1.19 0
1.86 2.02 1
1.55 2.26 1
1.31 1.02 0
2.34 2.47 1
2.90 2.01 0
1.68 1.22 0
2.16 1.53 0
1.44 2.99 1
2.74 2.27 0
1.49 1.65 1
1.12 1.82 1
2.01 1.22 0
2.28 2.29 1
2.15 2.43 1
2.83 2.94 1
1.81 2.11 1
2.50 1.39 0
2.50 1.69 0
2.64 2.51 0
2.90 1.62 0
1.04 1.58 1
2.86 1.99 0
1.06 2.83 1
2.77 1.18 0
1.06 1.74 1
1.13 1.61 1
1.01 2.05 1
2.50 2.13 0
2.69 2.45 0
1.66 2.92 1
1.23 2.31 1
1.16 1.93 1
1.07 2.46 1
2.87 2.40 0
2.14 2.68 1
2.32 2.70 1
2.64 2.94 1
1.97 2.00 1
2.95 2.87 0
2.08 1.88 0
1.77 2.11 1
2.45 2.36 0
1.62 1.15 0
1.38 2.85 1
2.59 2.46 0
2.02 1.07 0
2.36 2.72 1
2.63 2.64 1
2.10 1.33 0
1.12 1.59 1
2.61 1.63 0
1.27 1.62 1
1.93 2.17 1
1.52 2.39 1
1.42 2.05 1
2.56 2.66 1
1.11 1.87 1
1.42 2.20 1
1.73 1.11 0
1.67 1.93 1
1.36 2.56 1
1.39 1.48 1
1.22 1.64 1
1.05 2.99 1
2.54 2.52 0
1.90 1.93 1
2.77 1.03 0
1.48 2.27 1
1.34 2.08 1
2.15 2.76 1
2.18 1.29 0
1.16 2.19 1
1.47 2.44 1
1.54 1.50 0
1.76 1.12 0
1.50 2.66 1
1.46 2.23 1
1.44 1.37 0
1.09 1.10 1
2.29 1.71 0
2.69 1.29 0
2.16 1.96 0
2.79 2.97 1
2.25 2.14 0
1.73 1.87 1
2.85 2.93 1
2.96 1.31 0
2.56 2.19 0
2.65 2.47 0
2.77 2.07 0
1.90 2.14 1
2.37 2.41 1
1.83 1.46 0
1.75 1.07 0
2.00 2.75 1
2.41 2.33 0
2.05 2.72 1
1.10 2.42 1
1.80 2.09 1
1.41 2.66 1
1.44 1.05 0
1.82 1.30 0
1.19 2.14 1
2.56 1.34 0
2.68 2.87 1
2.23 1.20 0
2.07 1.73 0
1.60 2.01 1
1.19 1.46 1
2.80 2.30 0
2.77 1.76 0
1.86 1.28 0
2.03 1.37 0
2.85 2.60 0
2.84 1.01 0
2.70 2.71 1
1.23 2.78 1
1.68 1.64 0
2.85 2.83 0
2.54 1.15 0
2.32 1.79 0
2.29 1.84 0
1.73 1.57 0
1.63 1.43 0
2.69 1.15 0
2.34 2.04 0
2.28 2.52 1
2.49 2.22 0
1.03 1.84 1
1.21 2.12 1
2.49 2.99 1
2.10 2.87 1
1.30 2.87 1
2.97 2.71 0
1.02 2.00 1
1.15 1.11 0
1.40 1.98 1
2.05 1.36 0
2.65 1.61 0
2.89 2.87 0
1.89 1.40 0
2.97 1.53 0
1.68 1.17 0
2.40 1.00 0
2.59 1.27 0
1.99 2.94 1
1.15 2.70 1
2.77 1.18 0
2.46 2.63 1
2.99 1.36 0
2.39 1.10 0
1.93 3.00 1
1.42 1.32 0
2.77 1.05 0
1.08 2.50 1
2.60 1.83 0
1.04 1.26 1
2.83 1.18 0
1.07 1.26 1
1.10 1.71 1
1.96 2.69 1
1.68 1.34 0
2.57 2.87 1
2.98 2.11 0
2.71 2.41 0
2.54 1.46 0
2.50 2.58 1
2.08 2.43 1
2.09 1.30 0
2.89 1.69 0
1.50 1.80 1
2.54 2.68 1
1.81 1.69 0
2.63 1.62 0
2.25 1.85 0
2.38 1.33 0
1.33 2.61 1
2.38 1.93 0
2.16 2.17 1
2.34 1.55 0
2.33 1.96 0
2.05 2.66 1
2.19 1.86 0
2.82 2.89 1
1.43 1.84 1
1.38 1.66 1
2.18 2.62 1
2.77 2.85 1
2.18 1.44 0
2.31 1.42 0
1.63 2.02 1
1.27 2.49 1
1.50 2.61 1
1.83 2.42 1
2.70 1.41 0
2.59 1.25 0
1.98 1.30 0
1.48 2.52 1
2.44 2.10 0
2.19 2.30 1
1.58 1.45 0
2.31 2.37 1
1.38 2.14 1
2.29 1.69 0
1.14 1.80 1
1.25 1.18 0
1.17 1.93 1
2.41 1.64 0
2.44 1.40 0
2.18 2.35 1
2.04 1.10 0
1.35 2.45 1
2.39 2.26 0
1.42 1.02 0
1.79 1.55 0
1.86 1.94 1
1.30 1.49 1
2.23 1.17 0
1.21 1.70 1
1.67 2.78 1
2.09 2.16 1
2.19 1.96 0
2.19 1.41 0
1.20 1.28 1
2.55 2.25 0
1.49 2.60 1
1.76 2.18 1
2.44 2.50 1
2.02 2.87 1
1.08 1.58 1
2.20 2.34 1
2.72 2.53 0
2.45 1.94 0
2.00 1.61 0
2.28 2.76 1
2.70 2.76 1
2.83 1.65 0
2.21 2.17 0
1.11 2.67 1
2.97 2.10 0
2.57 1.08 0
1.53 2.66 1
2.39 2.91 1
2.00 2.40 1
2.84 1.14 0
2.52 2.97 1
1.83 1.62 0
1.59 2.83 1
1.24 2.63 1
1.50 1.95 1
1.91 2.91 1
1.38 1.02 0
2.53 2.73 1
1.20 2.37 1
1.02 2.91 1
1.36 2.94 1
1.46 2.06 1
2.51 1.03 0
2.82 1.14 0
1.03 1.27 1
1.20 2.84 1
2.54 2.67 1
2.57 1.01 0
2.25 1.14 0
2.63 1.37 0
1.42 1.58 1
1.59 2.95 1
1.47 2.71 1
1.88 2.28 1
1.73 2.88 1
2.25 1.18 0
2.13 2.40 1
2.00 2.00 0
2.42 2.77 1
2.93 2.56 0
1.26 2.24 1
1.35 2.88 1
2.07 1.39 0
2.87 1.81 0
2.74 2.30 0
2.89 1.52 0
1.78 1.01 0
1.44 2.18 1
1.19 1.18 0
1.17 1.99 1
1.02 2.91 1
2.74 2.84 1
1.62 1.48 0
1.53 1.53 1
1.30 1.13 0
1.17 2.18 1
2.40 1.29 0
2.90 1.55 0
1.58 1.71 1
2.62 1.93 0
2.55 1.51 0
2.06 2.64 1
2.50 1.67 0
2.90 1.85 0
2.03 2.89 1
2.18 1.15 0
1.72 1.75 1
2.06 2.86 1
1.88 2.26 1
1.33 2.75 1
2.38 2.15 0
1.42 2.29 1
2.55 2.99 1
2.96 2.59 0
2.07 2.47 1
1.62 1.71 1
2.25 2.50 1
2.59 2.75 1
1.03 1.43 1
1.89 1.76 0
1.72 2.28 1
1.77 2.24 1
1.76 1.05 0
2.79 1.96 0
1.73 1.50 0
1.75 1.63 0
1.67 2.75 1
2.05 2.21 1
1.35 1.57 1
2.67 2.09 0
1.45 1.88 1
2.53 1.28 0
2.93 2.81 0
2.42 1.07 0
2.12 1.47 0
2.17 2.52 1
1.44 1.66 1
2.22 1.43 0
2.83 2.16 0
1.36 2.48 1
1.31 1.82 1
1.62 1.32 0
2.81 1.20 0
1.60 1.82 1
2.92 2.43 0
2.26 2.43 1
2.09 2.55 1
1.57 2.29 1
1.95 2.39 1
1.55 1.81 1
2.75 1.55 0
2.82 1.67 0
2.46 1.45 0
1.39 2.59 1
1.85 1.88 1
1.24 1.10 0
2.64 1.24 0
2.98 1.46 0
1.55 2.84 1
1.28 2.53 1
2.56 1.47 0
2.08 2.05 0
1.52 1.88 1
1.84 2.88 1
2.35 2.84 1
1.69 2.51 1
2.05 1.16 0
2.47 2.04 0
2.64 2.64 1
2.85 1.99 0
1.20 2.94 1
2.50 1.18 0
1.52 2.39 1
2.71 1.48 0
2.99 1.55 0
1.15 2.08 1
2.29 1.52 0
1.67 2.79 1
2.84 1.39 0
1.60 2.88 1
1.57 2.85 1
2.58 2.51 0
1.10 2.13 1
2.27 1.58 0
1.29 2.31 1
2.30 2.82 1
2.09 1.71 0
2.09 2.49 1
2.13 1.67 0
1.06 1.89 1
1.64 2.06 1
2.43 1.54 0
1.86 1.23 0
2.53 1.71 0
1.40 1.86 1
1.39 2.85 1
1.80 2.74 1
2.35 1.21 0
1.95 1.70 0
2.37 2.02 0
2.93 1.30 0
1.65 1.88 1
2.99 1.80 0
1.99 2.22 1
1.96 1.62 0
2.65 1.31 0
1.94 1.90 0
2.63 1.61 0
2.17 1.59 0
1.25 1.71 1
2.92 2.33 0
2.58 1.39 0
1.18 2.99 1
2.39 1.26 0
2.02 2.57 1
2.55 2.27 0
1.92 2.39 1
2.10 2.98 1
1.58 2.81 1
1.42 2.68 1
2.37 1.78 0
2.75 2.87 1
2.36 1.20 0
1.25 2.43 1
1.74 1.31 0
2.04 1.52 0
2.43 1.72 0
1.39 1.90 1
1.81 2.93 1
2.44 2.85 1
2.58 2.35 0
1.09 2.24 1
2.89 1.92 0
2.25 2.53 1
2.40 1.70 0
1.95 2.50 1
2.57 2.85 1
1.21 1.70 1
2.90 1.53 0
2.65 1.47 0
2.99 2.02 0
2.47 1.80 0
1.72 2.11 1
2.29 1.84 0
1.55 1.64 1
1.09 2.45 1
2.02 2.12 1
1.85 2.89 1
1.85 2.57 1
2.48 2.87 1
2.05 1.77 0
1.06 2.24 1
2.47 1.20 0
1.38 1.55 1
1.47 2.62 1
1.01 2.34 1
2.12 1.95 0
1.67 2.28 1
2.18 1.56 0
2.11 2.00 0
2.97 1.37 0
1.83 2.80 1
1.60 2.72 1
1.30 2.77 1
2.66 2.59 0
2.38 1.09 0
1.66 2.74 1
1.24 1.40 1
1.06 1.83 1
2.97 2.88 0
2.68 2.03 0
2.46 1.28 0
2.73 2.59 0
2.68 2.42 0
1.02 1.97 1
1.02 2.17 1
1.43 2.49 1
1.20 1.22 1
1.71 1.16 0
2.70 1.82 0
2.20 1.33 0
2.22 2.56 1
2.74 1.31 0
2.53 1.09 0
1.86 2.60 1
2.97 1.40 0
2.66 1.54 0
1.59 2.79 1
1.71 1.34 0
1.90 2.20 1
2.18 1.20 0
2.37 2.23 0
2.14 2.90 1
1.15 1.06 0
2.50 2.75 1
1.38 1.06 0
2.09 2.94 1
2.52 2.07 0
2.79 2.40 0
1.35 1.64 1
1.33 1.19 0
2.31 2.25 0
2.28 1.62 0
2.12 2.30 1
1.27 1.12 0
2.82 2.76 0